Cycle 1
PC: 0000
Instruction: 20010001
Registers:
[0] 00000000
[1] 00000000
[2] 00000000
[3] 00000000
[4] 00000000
[5] 00000000
[6] 00000000
[7] 00000000
[8] 00000000
[9] 00000000
[10] 00000000
[11] 00000000
[12] 00000000
[13] 00000000
[14] 00000000
[15] 00000000
[16] 00000000
[17] 00000000
[18] 00000000
[19] 00000000
[20] 00000000
[21] 00000000
[22] 00000000
[23] 00000000
[24] 00000000
[25] 00000000
[26] 00000000
[27] 00000000
[28] 00000000
[29] 00000000
[30] 00000000
[31] 00000000
Memory I/O:

DataFowarding at 20010001, Cycle=2

Cycle 2
PC: 0004
Instruction: 20020002
Registers:
[0] 00000000
[1] 00000000
[2] 00000000
[3] 00000000
[4] 00000000
[5] 00000000
[6] 00000000
[7] 00000000
[8] 00000000
[9] 00000000
[10] 00000000
[11] 00000000
[12] 00000000
[13] 00000000
[14] 00000000
[15] 00000000
[16] 00000000
[17] 00000000
[18] 00000000
[19] 00000000
[20] 00000000
[21] 00000000
[22] 00000000
[23] 00000000
[24] 00000000
[25] 00000000
[26] 00000000
[27] 00000000
[28] 00000000
[29] 00000000
[30] 00000000
[31] 00000000
Memory I/O:

DataFowarding at 20020002, Cycle=3

Cycle 3
PC: 0008
Instruction: 00411820
Registers:
[0] 00000000
[1] 00000000
[2] 00000000
[3] 00000000
[4] 00000000
[5] 00000000
[6] 00000000
[7] 00000000
[8] 00000000
[9] 00000000
[10] 00000000
[11] 00000000
[12] 00000000
[13] 00000000
[14] 00000000
[15] 00000000
[16] 00000000
[17] 00000000
[18] 00000000
[19] 00000000
[20] 00000000
[21] 00000000
[22] 00000000
[23] 00000000
[24] 00000000
[25] 00000000
[26] 00000000
[27] 00000000
[28] 00000000
[29] 00000000
[30] 00000000
[31] 00000000
Memory I/O:

DataFowarding at 00411820, Cycle=4
Forwarding EX_MEM=20020002 | 0x00000002 --> read_data1
Forwarding MEM_WB=20010001 | 0x00000001 --> read_data2

Cycle 4
PC: 000C
Instruction: 00412022
Registers:
[0] 00000000
[1] 00000000
[2] 00000000
[3] 00000000
[4] 00000000
[5] 00000000
[6] 00000000
[7] 00000000
[8] 00000000
[9] 00000000
[10] 00000000
[11] 00000000
[12] 00000000
[13] 00000000
[14] 00000000
[15] 00000000
[16] 00000000
[17] 00000000
[18] 00000000
[19] 00000000
[20] 00000000
[21] 00000000
[22] 00000000
[23] 00000000
[24] 00000000
[25] 00000000
[26] 00000000
[27] 00000000
[28] 00000000
[29] 00000000
[30] 00000000
[31] 00000000
Memory I/O:

DataFowarding at 00412022, Cycle=5
Forwarding MEM_WB=20020002 | 0x00000002 --> read_data1

Cycle 5
PC: 0010
Instruction: 00222822
Registers:
[0] 00000000
[1] 00000001
[2] 00000000
[3] 00000000
[4] 00000000
[5] 00000000
[6] 00000000
[7] 00000000
[8] 00000000
[9] 00000000
[10] 00000000
[11] 00000000
[12] 00000000
[13] 00000000
[14] 00000000
[15] 00000000
[16] 00000000
[17] 00000000
[18] 00000000
[19] 00000000
[20] 00000000
[21] 00000000
[22] 00000000
[23] 00000000
[24] 00000000
[25] 00000000
[26] 00000000
[27] 00000000
[28] 00000000
[29] 00000000
[30] 00000000
[31] 00000000
Memory I/O:

DataFowarding at 00222822, Cycle=6

Cycle 6
PC: 0014
Instruction: 00813024
Registers:
[0] 00000000
[1] 00000001
[2] 00000002
[3] 00000000
[4] 00000000
[5] 00000000
[6] 00000000
[7] 00000000
[8] 00000000
[9] 00000000
[10] 00000000
[11] 00000000
[12] 00000000
[13] 00000000
[14] 00000000
[15] 00000000
[16] 00000000
[17] 00000000
[18] 00000000
[19] 00000000
[20] 00000000
[21] 00000000
[22] 00000000
[23] 00000000
[24] 00000000
[25] 00000000
[26] 00000000
[27] 00000000
[28] 00000000
[29] 00000000
[30] 00000000
[31] 00000000
Memory I/O:

DataFowarding at 00813024, Cycle=7
Forwarding MEM_WB=00412022 | 0x00000001 --> read_data1

Cycle 7
PC: 0018
Instruction: 00423824
Registers:
[0] 00000000
[1] 00000001
[2] 00000002
[3] 00000003
[4] 00000000
[5] 00000000
[6] 00000000
[7] 00000000
[8] 00000000
[9] 00000000
[10] 00000000
[11] 00000000
[12] 00000000
[13] 00000000
[14] 00000000
[15] 00000000
[16] 00000000
[17] 00000000
[18] 00000000
[19] 00000000
[20] 00000000
[21] 00000000
[22] 00000000
[23] 00000000
[24] 00000000
[25] 00000000
[26] 00000000
[27] 00000000
[28] 00000000
[29] 00000000
[30] 00000000
[31] 00000000
Memory I/O:

DataFowarding at 00423824, Cycle=8

Cycle 8
PC: 001C
Instruction: 00414025
Registers:
[0] 00000000
[1] 00000001
[2] 00000002
[3] 00000003
[4] 00000001
[5] 00000000
[6] 00000000
[7] 00000000
[8] 00000000
[9] 00000000
[10] 00000000
[11] 00000000
[12] 00000000
[13] 00000000
[14] 00000000
[15] 00000000
[16] 00000000
[17] 00000000
[18] 00000000
[19] 00000000
[20] 00000000
[21] 00000000
[22] 00000000
[23] 00000000
[24] 00000000
[25] 00000000
[26] 00000000
[27] 00000000
[28] 00000000
[29] 00000000
[30] 00000000
[31] 00000000
Memory I/O:

DataFowarding at 00414025, Cycle=9

Cycle 9
PC: 0020
Instruction: 00414827
Registers:
[0] 00000000
[1] 00000001
[2] 00000002
[3] 00000003
[4] 00000001
[5] FFFFFFFF
[6] 00000000
[7] 00000000
[8] 00000000
[9] 00000000
[10] 00000000
[11] 00000000
[12] 00000000
[13] 00000000
[14] 00000000
[15] 00000000
[16] 00000000
[17] 00000000
[18] 00000000
[19] 00000000
[20] 00000000
[21] 00000000
[22] 00000000
[23] 00000000
[24] 00000000
[25] 00000000
[26] 00000000
[27] 00000000
[28] 00000000
[29] 00000000
[30] 00000000
[31] 00000000
Memory I/O:

DataFowarding at 00414827, Cycle=10

Cycle 10
PC: 0024
Instruction: 00025040
Registers:
[0] 00000000
[1] 00000001
[2] 00000002
[3] 00000003
[4] 00000001
[5] FFFFFFFF
[6] 00000001
[7] 00000000
[8] 00000000
[9] 00000000
[10] 00000000
[11] 00000000
[12] 00000000
[13] 00000000
[14] 00000000
[15] 00000000
[16] 00000000
[17] 00000000
[18] 00000000
[19] 00000000
[20] 00000000
[21] 00000000
[22] 00000000
[23] 00000000
[24] 00000000
[25] 00000000
[26] 00000000
[27] 00000000
[28] 00000000
[29] 00000000
[30] 00000000
[31] 00000000
Memory I/O:

DataFowarding at 00025040, Cycle=11

Cycle 11
PC: 0028
Instruction: 00025842
Registers:
[0] 00000000
[1] 00000001
[2] 00000002
[3] 00000003
[4] 00000001
[5] FFFFFFFF
[6] 00000001
[7] 00000002
[8] 00000000
[9] 00000000
[10] 00000000
[11] 00000000
[12] 00000000
[13] 00000000
[14] 00000000
[15] 00000000
[16] 00000000
[17] 00000000
[18] 00000000
[19] 00000000
[20] 00000000
[21] 00000000
[22] 00000000
[23] 00000000
[24] 00000000
[25] 00000000
[26] 00000000
[27] 00000000
[28] 00000000
[29] 00000000
[30] 00000000
[31] 00000000
Memory I/O:

DataFowarding at 00025842, Cycle=12

Cycle 12
PC: 002C
Instruction: 00A1602A
Registers:
[0] 00000000
[1] 00000001
[2] 00000002
[3] 00000003
[4] 00000001
[5] FFFFFFFF
[6] 00000001
[7] 00000002
[8] 00000003
[9] 00000000
[10] 00000000
[11] 00000000
[12] 00000000
[13] 00000000
[14] 00000000
[15] 00000000
[16] 00000000
[17] 00000000
[18] 00000000
[19] 00000000
[20] 00000000
[21] 00000000
[22] 00000000
[23] 00000000
[24] 00000000
[25] 00000000
[26] 00000000
[27] 00000000
[28] 00000000
[29] 00000000
[30] 00000000
[31] 00000000
Memory I/O:

DataFowarding at 00A1602A, Cycle=13

Cycle 13
PC: 0030
Instruction: 0025682B
Registers:
[0] 00000000
[1] 00000001
[2] 00000002
[3] 00000003
[4] 00000001
[5] FFFFFFFF
[6] 00000001
[7] 00000002
[8] 00000003
[9] FFFFFFFC
[10] 00000000
[11] 00000000
[12] 00000000
[13] 00000000
[14] 00000000
[15] 00000000
[16] 00000000
[17] 00000000
[18] 00000000
[19] 00000000
[20] 00000000
[21] 00000000
[22] 00000000
[23] 00000000
[24] 00000000
[25] 00000000
[26] 00000000
[27] 00000000
[28] 00000000
[29] 00000000
[30] 00000000
[31] 00000000
Memory I/O:

DataFowarding at 0025682B, Cycle=14

Cycle 14
PC: 0034
Instruction: 00010020
Registers:
[0] 00000000
[1] 00000001
[2] 00000002
[3] 00000003
[4] 00000001
[5] FFFFFFFF
[6] 00000001
[7] 00000002
[8] 00000003
[9] FFFFFFFC
[10] 00000004
[11] 00000000
[12] 00000000
[13] 00000000
[14] 00000000
[15] 00000000
[16] 00000000
[17] 00000000
[18] 00000000
[19] 00000000
[20] 00000000
[21] 00000000
[22] 00000000
[23] 00000000
[24] 00000000
[25] 00000000
[26] 00000000
[27] 00000000
[28] 00000000
[29] 00000000
[30] 00000000
[31] 00000000
Memory I/O:

DataFowarding at 00010020, Cycle=15

Cycle 15
PC: 0038
Instruction: 00000000
Registers:
[0] 00000000
[1] 00000001
[2] 00000002
[3] 00000003
[4] 00000001
[5] FFFFFFFF
[6] 00000001
[7] 00000002
[8] 00000003
[9] FFFFFFFC
[10] 00000004
[11] 00000001
[12] 00000000
[13] 00000000
[14] 00000000
[15] 00000000
[16] 00000000
[17] 00000000
[18] 00000000
[19] 00000000
[20] 00000000
[21] 00000000
[22] 00000000
[23] 00000000
[24] 00000000
[25] 00000000
[26] 00000000
[27] 00000000
[28] 00000000
[29] 00000000
[30] 00000000
[31] 00000000
Memory I/O:

DataFowarding at 00000000, Cycle=16

Cycle 16
PC: 003C
Instruction: 00000000
Registers:
[0] 00000000
[1] 00000001
[2] 00000002
[3] 00000003
[4] 00000001
[5] FFFFFFFF
[6] 00000001
[7] 00000002
[8] 00000003
[9] FFFFFFFC
[10] 00000004
[11] 00000001
[12] 00000001
[13] 00000000
[14] 00000000
[15] 00000000
[16] 00000000
[17] 00000000
[18] 00000000
[19] 00000000
[20] 00000000
[21] 00000000
[22] 00000000
[23] 00000000
[24] 00000000
[25] 00000000
[26] 00000000
[27] 00000000
[28] 00000000
[29] 00000000
[30] 00000000
[31] 00000000
Memory I/O:

DataFowarding at 00000000, Cycle=17

Cycle 17
PC: 0040
Instruction: 00000000
Registers:
[0] 00000000
[1] 00000001
[2] 00000002
[3] 00000003
[4] 00000001
[5] FFFFFFFF
[6] 00000001
[7] 00000002
[8] 00000003
[9] FFFFFFFC
[10] 00000004
[11] 00000001
[12] 00000001
[13] 00000001
[14] 00000000
[15] 00000000
[16] 00000000
[17] 00000000
[18] 00000000
[19] 00000000
[20] 00000000
[21] 00000000
[22] 00000000
[23] 00000000
[24] 00000000
[25] 00000000
[26] 00000000
[27] 00000000
[28] 00000000
[29] 00000000
[30] 00000000
[31] 00000000
Memory I/O:

DataFowarding at 00000000, Cycle=18

Cycle 18
PC: 0044
Instruction: 00000000
Registers:
[0] 00000000
[1] 00000001
[2] 00000002
[3] 00000003
[4] 00000001
[5] FFFFFFFF
[6] 00000001
[7] 00000002
[8] 00000003
[9] FFFFFFFC
[10] 00000004
[11] 00000001
[12] 00000001
[13] 00000001
[14] 00000000
[15] 00000000
[16] 00000000
[17] 00000000
[18] 00000000
[19] 00000000
[20] 00000000
[21] 00000000
[22] 00000000
[23] 00000000
[24] 00000000
[25] 00000000
[26] 00000000
[27] 00000000
[28] 00000000
[29] 00000000
[30] 00000000
[31] 00000000
Memory I/O:

DataFowarding at 00000000, Cycle=19

Cycle 19
PC: 0048
Instruction: 00000000
Registers:
[0] 00000000
[1] 00000001
[2] 00000002
[3] 00000003
[4] 00000001
[5] FFFFFFFF
[6] 00000001
[7] 00000002
[8] 00000003
[9] FFFFFFFC
[10] 00000004
[11] 00000001
[12] 00000001
[13] 00000001
[14] 00000000
[15] 00000000
[16] 00000000
[17] 00000000
[18] 00000000
[19] 00000000
[20] 00000000
[21] 00000000
[22] 00000000
[23] 00000000
[24] 00000000
[25] 00000000
[26] 00000000
[27] 00000000
[28] 00000000
[29] 00000000
[30] 00000000
[31] 00000000
Memory I/O:

DataFowarding at 00000000, Cycle=20

Cycle 20
PC: 004C
Instruction: 00000000
Registers:
[0] 00000000
[1] 00000001
[2] 00000002
[3] 00000003
[4] 00000001
[5] FFFFFFFF
[6] 00000001
[7] 00000002
[8] 00000003
[9] FFFFFFFC
[10] 00000004
[11] 00000001
[12] 00000001
[13] 00000001
[14] 00000000
[15] 00000000
[16] 00000000
[17] 00000000
[18] 00000000
[19] 00000000
[20] 00000000
[21] 00000000
[22] 00000000
[23] 00000000
[24] 00000000
[25] 00000000
[26] 00000000
[27] 00000000
[28] 00000000
[29] 00000000
[30] 00000000
[31] 00000000
Memory I/O:
