Cycle 1
PC: 0000
Instruction: 20010001
Registers:
[0] 00000000
[1] 00000000
[2] 00000000
[3] 00000000
[4] 00000000
[5] 00000000
[6] 00000000
[7] 00000000
[8] 00000000
[9] 00000000
[10] 00000000
[11] 00000000
[12] 00000000
[13] 00000000
[14] 00000000
[15] 00000000
[16] 00000000
[17] 00000000
[18] 00000000
[19] 00000000
[20] 00000000
[21] 00000000
[22] 00000000
[23] 00000000
[24] 00000000
[25] 00000000
[26] 00000000
[27] 00000000
[28] 00000000
[29] 00000000
[30] 00000000
[31] 00000000
Memory I/O:

DataFowarding at 20010001, Cycle=2

Cycle 2
PC: 0004
Instruction: 201E0000
Registers:
[0] 00000000
[1] 00000000
[2] 00000000
[3] 00000000
[4] 00000000
[5] 00000000
[6] 00000000
[7] 00000000
[8] 00000000
[9] 00000000
[10] 00000000
[11] 00000000
[12] 00000000
[13] 00000000
[14] 00000000
[15] 00000000
[16] 00000000
[17] 00000000
[18] 00000000
[19] 00000000
[20] 00000000
[21] 00000000
[22] 00000000
[23] 00000000
[24] 00000000
[25] 00000000
[26] 00000000
[27] 00000000
[28] 00000000
[29] 00000000
[30] 00000000
[31] 00000000
Memory I/O:

DataFowarding at 201E0000, Cycle=3

Cycle 3
PC: 0008
Instruction: 3C021234
Registers:
[0] 00000000
[1] 00000000
[2] 00000000
[3] 00000000
[4] 00000000
[5] 00000000
[6] 00000000
[7] 00000000
[8] 00000000
[9] 00000000
[10] 00000000
[11] 00000000
[12] 00000000
[13] 00000000
[14] 00000000
[15] 00000000
[16] 00000000
[17] 00000000
[18] 00000000
[19] 00000000
[20] 00000000
[21] 00000000
[22] 00000000
[23] 00000000
[24] 00000000
[25] 00000000
[26] 00000000
[27] 00000000
[28] 00000000
[29] 00000000
[30] 00000000
[31] 00000000
Memory I/O:

DataFowarding at 3C021234, Cycle=4

Cycle 4
PC: 000C
Instruction: 3442F678
Registers:
[0] 00000000
[1] 00000000
[2] 00000000
[3] 00000000
[4] 00000000
[5] 00000000
[6] 00000000
[7] 00000000
[8] 00000000
[9] 00000000
[10] 00000000
[11] 00000000
[12] 00000000
[13] 00000000
[14] 00000000
[15] 00000000
[16] 00000000
[17] 00000000
[18] 00000000
[19] 00000000
[20] 00000000
[21] 00000000
[22] 00000000
[23] 00000000
[24] 00000000
[25] 00000000
[26] 00000000
[27] 00000000
[28] 00000000
[29] 00000000
[30] 00000000
[31] 00000000
Memory I/O:

DataFowarding at 3442F678, Cycle=5
Forwarding EX_MEM=3C021234 | 0x12340000 --> read_data1

Cycle 5
PC: 0010
Instruction: AFC20000
Registers:
[0] 00000000
[1] 00000001
[2] 00000000
[3] 00000000
[4] 00000000
[5] 00000000
[6] 00000000
[7] 00000000
[8] 00000000
[9] 00000000
[10] 00000000
[11] 00000000
[12] 00000000
[13] 00000000
[14] 00000000
[15] 00000000
[16] 00000000
[17] 00000000
[18] 00000000
[19] 00000000
[20] 00000000
[21] 00000000
[22] 00000000
[23] 00000000
[24] 00000000
[25] 00000000
[26] 00000000
[27] 00000000
[28] 00000000
[29] 00000000
[30] 00000000
[31] 00000000
Memory I/O:

DataFowarding at AFC20000, Cycle=6
Forwarding EX_MEM=3442F678 | 0x1234F678 --> read_data2

Cycle 6
PC: 0014
Instruction: 8FC30000
Registers:
[0] 00000000
[1] 00000001
[2] 00000000
[3] 00000000
[4] 00000000
[5] 00000000
[6] 00000000
[7] 00000000
[8] 00000000
[9] 00000000
[10] 00000000
[11] 00000000
[12] 00000000
[13] 00000000
[14] 00000000
[15] 00000000
[16] 00000000
[17] 00000000
[18] 00000000
[19] 00000000
[20] 00000000
[21] 00000000
[22] 00000000
[23] 00000000
[24] 00000000
[25] 00000000
[26] 00000000
[27] 00000000
[28] 00000000
[29] 00000000
[30] 00000000
[31] 00000000
Memory I/O:

DataFowarding at 8FC30000, Cycle=7

Cycle 7
PC: 0018
Instruction: 87C40000
Registers:
[0] 00000000
[1] 00000001
[2] 12340000
[3] 00000000
[4] 00000000
[5] 00000000
[6] 00000000
[7] 00000000
[8] 00000000
[9] 00000000
[10] 00000000
[11] 00000000
[12] 00000000
[13] 00000000
[14] 00000000
[15] 00000000
[16] 00000000
[17] 00000000
[18] 00000000
[19] 00000000
[20] 00000000
[21] 00000000
[22] 00000000
[23] 00000000
[24] 00000000
[25] 00000000
[26] 00000000
[27] 00000000
[28] 00000000
[29] 00000000
[30] 00000000
[31] 00000000
Memory I/O:

------------- Memory IO CYCLE=8, Inst=0xAFC20000 -------------
data_memory: write data, size=4, wirte_mem_data=1234F678
0x00000000 | 78 |
0x00000001 | F6 |
0x00000002 | 34 |
0x00000003 | 12 |

DataFowarding at 87C40000, Cycle=8

Cycle 8
PC: 001C
Instruction: 97C50000
Registers:
[0] 00000000
[1] 00000001
[2] 1234F678
[3] 00000000
[4] 00000000
[5] 00000000
[6] 00000000
[7] 00000000
[8] 00000000
[9] 00000000
[10] 00000000
[11] 00000000
[12] 00000000
[13] 00000000
[14] 00000000
[15] 00000000
[16] 00000000
[17] 00000000
[18] 00000000
[19] 00000000
[20] 00000000
[21] 00000000
[22] 00000000
[23] 00000000
[24] 00000000
[25] 00000000
[26] 00000000
[27] 00000000
[28] 00000000
[29] 00000000
[30] 00000000
[31] 00000000
Memory I/O:W 4 0000 1234F678

------------- Memory IO CYCLE=9, Inst=0x8FC30000 -------------
data_memory: read data, size=4, read_mem_data=305460856
0x00000000 | 78 |
0x00000001 | F6 |
0x00000002 | 34 |
0x00000003 | 12 |

DataFowarding at 97C50000, Cycle=9

Cycle 9
PC: 0020
Instruction: 83C60000
Registers:
[0] 00000000
[1] 00000001
[2] 1234F678
[3] 00000000
[4] 00000000
[5] 00000000
[6] 00000000
[7] 00000000
[8] 00000000
[9] 00000000
[10] 00000000
[11] 00000000
[12] 00000000
[13] 00000000
[14] 00000000
[15] 00000000
[16] 00000000
[17] 00000000
[18] 00000000
[19] 00000000
[20] 00000000
[21] 00000000
[22] 00000000
[23] 00000000
[24] 00000000
[25] 00000000
[26] 00000000
[27] 00000000
[28] 00000000
[29] 00000000
[30] 00000000
[31] 00000000
Memory I/O:R 4 0000 1234F678

------------- Memory IO CYCLE=10, Inst=0x87C40000 -------------
data_memory: read data, size=2, read_mem_data=-2440
0x00000000 | 78 |
0x00000001 | F6 |

DataFowarding at 83C60000, Cycle=10

Cycle 10
PC: 0024
Instruction: 3C070012
Registers:
[0] 00000000
[1] 00000001
[2] 1234F678
[3] 1234F678
[4] 00000000
[5] 00000000
[6] 00000000
[7] 00000000
[8] 00000000
[9] 00000000
[10] 00000000
[11] 00000000
[12] 00000000
[13] 00000000
[14] 00000000
[15] 00000000
[16] 00000000
[17] 00000000
[18] 00000000
[19] 00000000
[20] 00000000
[21] 00000000
[22] 00000000
[23] 00000000
[24] 00000000
[25] 00000000
[26] 00000000
[27] 00000000
[28] 00000000
[29] 00000000
[30] 00000000
[31] 00000000
Memory I/O:R 2 0000 FFFFF678

------------- Memory IO CYCLE=11, Inst=0x97C50000 -------------
data_memory: read data, size=2, read_mem_data=63096
0x00000000 | 78 |
0x00000001 | F6 |

DataFowarding at 3C070012, Cycle=11

Cycle 11
PC: 0028
Instruction: 20E70034
Registers:
[0] 00000000
[1] 00000001
[2] 1234F678
[3] 1234F678
[4] FFFFF678
[5] 00000000
[6] 00000000
[7] 00000000
[8] 00000000
[9] 00000000
[10] 00000000
[11] 00000000
[12] 00000000
[13] 00000000
[14] 00000000
[15] 00000000
[16] 00000000
[17] 00000000
[18] 00000000
[19] 00000000
[20] 00000000
[21] 00000000
[22] 00000000
[23] 00000000
[24] 00000000
[25] 00000000
[26] 00000000
[27] 00000000
[28] 00000000
[29] 00000000
[30] 00000000
[31] 00000000
Memory I/O:R 2 0000 0000F678

------------- Memory IO CYCLE=12, Inst=0x83C60000 -------------
data_memory: read data, size=1, read_mem_data=120
0x00000000 | 78 |

DataFowarding at 20E70034, Cycle=12
Forwarding EX_MEM=3C070012 | 0x00120000 --> read_data1

Cycle 12
PC: 002C
Instruction: A7C70004
Registers:
[0] 00000000
[1] 00000001
[2] 1234F678
[3] 1234F678
[4] FFFFF678
[5] 0000F678
[6] 00000000
[7] 00000000
[8] 00000000
[9] 00000000
[10] 00000000
[11] 00000000
[12] 00000000
[13] 00000000
[14] 00000000
[15] 00000000
[16] 00000000
[17] 00000000
[18] 00000000
[19] 00000000
[20] 00000000
[21] 00000000
[22] 00000000
[23] 00000000
[24] 00000000
[25] 00000000
[26] 00000000
[27] 00000000
[28] 00000000
[29] 00000000
[30] 00000000
[31] 00000000
Memory I/O:R 1 0000 00000078

DataFowarding at A7C70004, Cycle=13
Forwarding EX_MEM=20E70034 | 0x00120034 --> read_data2

Cycle 13
PC: 0030
Instruction: A3C70008
Registers:
[0] 00000000
[1] 00000001
[2] 1234F678
[3] 1234F678
[4] FFFFF678
[5] 0000F678
[6] 00000078
[7] 00000000
[8] 00000000
[9] 00000000
[10] 00000000
[11] 00000000
[12] 00000000
[13] 00000000
[14] 00000000
[15] 00000000
[16] 00000000
[17] 00000000
[18] 00000000
[19] 00000000
[20] 00000000
[21] 00000000
[22] 00000000
[23] 00000000
[24] 00000000
[25] 00000000
[26] 00000000
[27] 00000000
[28] 00000000
[29] 00000000
[30] 00000000
[31] 00000000
Memory I/O:

DataFowarding at A3C70008, Cycle=14
Forwarding MEM_WB=20E70034 | 0x00120034 --> read_data2

Cycle 14
PC: 0034
Instruction: 30E80030
Registers:
[0] 00000000
[1] 00000001
[2] 1234F678
[3] 1234F678
[4] FFFFF678
[5] 0000F678
[6] 00000078
[7] 00120000
[8] 00000000
[9] 00000000
[10] 00000000
[11] 00000000
[12] 00000000
[13] 00000000
[14] 00000000
[15] 00000000
[16] 00000000
[17] 00000000
[18] 00000000
[19] 00000000
[20] 00000000
[21] 00000000
[22] 00000000
[23] 00000000
[24] 00000000
[25] 00000000
[26] 00000000
[27] 00000000
[28] 00000000
[29] 00000000
[30] 00000000
[31] 00000000
Memory I/O:

------------- Memory IO CYCLE=15, Inst=0xA7C70004 -------------
data_memory: write data, size=2, wirte_mem_data=00120034
0x00000004 | 34 |
0x00000005 | 00 |

DataFowarding at 30E80030, Cycle=15

Cycle 15
PC: 0038
Instruction: 34E9000F
Registers:
[0] 00000000
[1] 00000001
[2] 1234F678
[3] 1234F678
[4] FFFFF678
[5] 0000F678
[6] 00000078
[7] 00120034
[8] 00000000
[9] 00000000
[10] 00000000
[11] 00000000
[12] 00000000
[13] 00000000
[14] 00000000
[15] 00000000
[16] 00000000
[17] 00000000
[18] 00000000
[19] 00000000
[20] 00000000
[21] 00000000
[22] 00000000
[23] 00000000
[24] 00000000
[25] 00000000
[26] 00000000
[27] 00000000
[28] 00000000
[29] 00000000
[30] 00000000
[31] 00000000
Memory I/O:W 2 0004 00120034

------------- Memory IO CYCLE=16, Inst=0xA3C70008 -------------
data_memory: write data, size=1, wirte_mem_data=00120034
0x00000008 | 34 |

DataFowarding at 34E9000F, Cycle=16

Cycle 16
PC: 003C
Instruction: 290A6FFF
Registers:
[0] 00000000
[1] 00000001
[2] 1234F678
[3] 1234F678
[4] FFFFF678
[5] 0000F678
[6] 00000078
[7] 00120034
[8] 00000000
[9] 00000000
[10] 00000000
[11] 00000000
[12] 00000000
[13] 00000000
[14] 00000000
[15] 00000000
[16] 00000000
[17] 00000000
[18] 00000000
[19] 00000000
[20] 00000000
[21] 00000000
[22] 00000000
[23] 00000000
[24] 00000000
[25] 00000000
[26] 00000000
[27] 00000000
[28] 00000000
[29] 00000000
[30] 00000000
[31] 00000000
Memory I/O:W 1 0008 00120034

DataFowarding at 290A6FFF, Cycle=17
Forwarding MEM_WB=30E80030 | 0x00000030 --> read_data1

Cycle 17
PC: 0040
Instruction: 2D0BFFFF
Registers:
[0] 00000000
[1] 00000001
[2] 1234F678
[3] 1234F678
[4] FFFFF678
[5] 0000F678
[6] 00000078
[7] 00120034
[8] 00000000
[9] 00000000
[10] 00000000
[11] 00000000
[12] 00000000
[13] 00000000
[14] 00000000
[15] 00000000
[16] 00000000
[17] 00000000
[18] 00000000
[19] 00000000
[20] 00000000
[21] 00000000
[22] 00000000
[23] 00000000
[24] 00000000
[25] 00000000
[26] 00000000
[27] 00000000
[28] 00000000
[29] 00000000
[30] 00000000
[31] 00000000
Memory I/O:

DataFowarding at 2D0BFFFF, Cycle=18

Cycle 18
PC: 0044
Instruction: 2D0C2FFF
Registers:
[0] 00000000
[1] 00000001
[2] 1234F678
[3] 1234F678
[4] FFFFF678
[5] 0000F678
[6] 00000078
[7] 00120034
[8] 00000030
[9] 00000000
[10] 00000000
[11] 00000000
[12] 00000000
[13] 00000000
[14] 00000000
[15] 00000000
[16] 00000000
[17] 00000000
[18] 00000000
[19] 00000000
[20] 00000000
[21] 00000000
[22] 00000000
[23] 00000000
[24] 00000000
[25] 00000000
[26] 00000000
[27] 00000000
[28] 00000000
[29] 00000000
[30] 00000000
[31] 00000000
Memory I/O:

DataFowarding at 2D0C2FFF, Cycle=19

Cycle 19
PC: 0048
Instruction: 201E0000
Registers:
[0] 00000000
[1] 00000001
[2] 1234F678
[3] 1234F678
[4] FFFFF678
[5] 0000F678
[6] 00000078
[7] 00120034
[8] 00000030
[9] 0012003F
[10] 00000000
[11] 00000000
[12] 00000000
[13] 00000000
[14] 00000000
[15] 00000000
[16] 00000000
[17] 00000000
[18] 00000000
[19] 00000000
[20] 00000000
[21] 00000000
[22] 00000000
[23] 00000000
[24] 00000000
[25] 00000000
[26] 00000000
[27] 00000000
[28] 00000000
[29] 00000000
[30] 00000000
[31] 00000000
Memory I/O:

DataFowarding at 201E0000, Cycle=20

Cycle 20
PC: 004C
Instruction: 20010002
Registers:
[0] 00000000
[1] 00000001
[2] 1234F678
[3] 1234F678
[4] FFFFF678
[5] 0000F678
[6] 00000078
[7] 00120034
[8] 00000030
[9] 0012003F
[10] 00000001
[11] 00000000
[12] 00000000
[13] 00000000
[14] 00000000
[15] 00000000
[16] 00000000
[17] 00000000
[18] 00000000
[19] 00000000
[20] 00000000
[21] 00000000
[22] 00000000
[23] 00000000
[24] 00000000
[25] 00000000
[26] 00000000
[27] 00000000
[28] 00000000
[29] 00000000
[30] 00000000
[31] 00000000
Memory I/O:

DataFowarding at 20010002, Cycle=21

Cycle 21
PC: 0050
Instruction: 200200FE
Registers:
[0] 00000000
[1] 00000001
[2] 1234F678
[3] 1234F678
[4] FFFFF678
[5] 0000F678
[6] 00000078
[7] 00120034
[8] 00000030
[9] 0012003F
[10] 00000001
[11] 00000001
[12] 00000000
[13] 00000000
[14] 00000000
[15] 00000000
[16] 00000000
[17] 00000000
[18] 00000000
[19] 00000000
[20] 00000000
[21] 00000000
[22] 00000000
[23] 00000000
[24] 00000000
[25] 00000000
[26] 00000000
[27] 00000000
[28] 00000000
[29] 00000000
[30] 00000000
[31] 00000000
Memory I/O:

DataFowarding at 200200FE, Cycle=22

Cycle 22
PC: 0054
Instruction: 3C0300FF
Registers:
[0] 00000000
[1] 00000001
[2] 1234F678
[3] 1234F678
[4] FFFFF678
[5] 0000F678
[6] 00000078
[7] 00120034
[8] 00000030
[9] 0012003F
[10] 00000001
[11] 00000001
[12] 00000001
[13] 00000000
[14] 00000000
[15] 00000000
[16] 00000000
[17] 00000000
[18] 00000000
[19] 00000000
[20] 00000000
[21] 00000000
[22] 00000000
[23] 00000000
[24] 00000000
[25] 00000000
[26] 00000000
[27] 00000000
[28] 00000000
[29] 00000000
[30] 00000000
[31] 00000000
Memory I/O:

DataFowarding at 3C0300FF, Cycle=23

Cycle 23
PC: 0058
Instruction: 00622025
Registers:
[0] 00000000
[1] 00000001
[2] 1234F678
[3] 1234F678
[4] FFFFF678
[5] 0000F678
[6] 00000078
[7] 00120034
[8] 00000030
[9] 0012003F
[10] 00000001
[11] 00000001
[12] 00000001
[13] 00000000
[14] 00000000
[15] 00000000
[16] 00000000
[17] 00000000
[18] 00000000
[19] 00000000
[20] 00000000
[21] 00000000
[22] 00000000
[23] 00000000
[24] 00000000
[25] 00000000
[26] 00000000
[27] 00000000
[28] 00000000
[29] 00000000
[30] 00000000
[31] 00000000
Memory I/O:

DataFowarding at 00622025, Cycle=24
Forwarding EX_MEM=3C0300FF | 0x00FF0000 --> read_data1
Forwarding MEM_WB=200200FE | 0x000000FE --> read_data2

Cycle 24
PC: 005C
Instruction: 00000000
Registers:
[0] 00000000
[1] 00000002
[2] 1234F678
[3] 1234F678
[4] FFFFF678
[5] 0000F678
[6] 00000078
[7] 00120034
[8] 00000030
[9] 0012003F
[10] 00000001
[11] 00000001
[12] 00000001
[13] 00000000
[14] 00000000
[15] 00000000
[16] 00000000
[17] 00000000
[18] 00000000
[19] 00000000
[20] 00000000
[21] 00000000
[22] 00000000
[23] 00000000
[24] 00000000
[25] 00000000
[26] 00000000
[27] 00000000
[28] 00000000
[29] 00000000
[30] 00000000
[31] 00000000
Memory I/O:

DataFowarding at 00000000, Cycle=25

Cycle 25
PC: 0060
Instruction: 00000000
Registers:
[0] 00000000
[1] 00000002
[2] 000000FE
[3] 1234F678
[4] FFFFF678
[5] 0000F678
[6] 00000078
[7] 00120034
[8] 00000030
[9] 0012003F
[10] 00000001
[11] 00000001
[12] 00000001
[13] 00000000
[14] 00000000
[15] 00000000
[16] 00000000
[17] 00000000
[18] 00000000
[19] 00000000
[20] 00000000
[21] 00000000
[22] 00000000
[23] 00000000
[24] 00000000
[25] 00000000
[26] 00000000
[27] 00000000
[28] 00000000
[29] 00000000
[30] 00000000
[31] 00000000
Memory I/O:

DataFowarding at 00000000, Cycle=26

Cycle 26
PC: 0064
Instruction: 00000000
Registers:
[0] 00000000
[1] 00000002
[2] 000000FE
[3] 00FF0000
[4] FFFFF678
[5] 0000F678
[6] 00000078
[7] 00120034
[8] 00000030
[9] 0012003F
[10] 00000001
[11] 00000001
[12] 00000001
[13] 00000000
[14] 00000000
[15] 00000000
[16] 00000000
[17] 00000000
[18] 00000000
[19] 00000000
[20] 00000000
[21] 00000000
[22] 00000000
[23] 00000000
[24] 00000000
[25] 00000000
[26] 00000000
[27] 00000000
[28] 00000000
[29] 00000000
[30] 00000000
[31] 00000000
Memory I/O:

DataFowarding at 00000000, Cycle=27

Cycle 27
PC: 0068
Instruction: 00000000
Registers:
[0] 00000000
[1] 00000002
[2] 000000FE
[3] 00FF0000
[4] 00FF00FE
[5] 0000F678
[6] 00000078
[7] 00120034
[8] 00000030
[9] 0012003F
[10] 00000001
[11] 00000001
[12] 00000001
[13] 00000000
[14] 00000000
[15] 00000000
[16] 00000000
[17] 00000000
[18] 00000000
[19] 00000000
[20] 00000000
[21] 00000000
[22] 00000000
[23] 00000000
[24] 00000000
[25] 00000000
[26] 00000000
[27] 00000000
[28] 00000000
[29] 00000000
[30] 00000000
[31] 00000000
Memory I/O:

DataFowarding at 00000000, Cycle=28

Cycle 28
PC: 006C
Instruction: 00000000
Registers:
[0] 00000000
[1] 00000002
[2] 000000FE
[3] 00FF0000
[4] 00FF00FE
[5] 0000F678
[6] 00000078
[7] 00120034
[8] 00000030
[9] 0012003F
[10] 00000001
[11] 00000001
[12] 00000001
[13] 00000000
[14] 00000000
[15] 00000000
[16] 00000000
[17] 00000000
[18] 00000000
[19] 00000000
[20] 00000000
[21] 00000000
[22] 00000000
[23] 00000000
[24] 00000000
[25] 00000000
[26] 00000000
[27] 00000000
[28] 00000000
[29] 00000000
[30] 00000000
[31] 00000000
Memory I/O:
